
strategic_region={
	id=117
	name="STRATEGICREGION_117"
	provinces={
		492 638 702 788 801 822 823 847 860 862 865 866 873 880 891 894 951 968 1019 1077 1132 1163 1433 1480 1485 1506 1547 1556 1572 1584 1587 1843 1913 3687 3693 3697 3802 3823 3824 3847 3850 3863 3880 3897 3917 3925 3941 3957 3975 3994 4168 4491 4594 4622 4627 4653 4657 4756 5059 5090 6705 6823 6845 6846 6850 6869 6872 6882 6885 6892 6899 6929 6943 6958 6971 6984 7012 7045 7083 7118 7134 7138 7202 7388 7422 7466 7480 7517 7527 7558 7583 7588 7612 7640 7643 7646 9662 9758 9779 9786 9789 9801 9804 9820 9834 9836 9855 9864 9876 9923 9931 9949 9967 9996 10029 10047 10051 10081 10096 10192 10343 10352 10380 10394 10407 10412 10437 10439 10441 10465 10468 10483 10489 10492 10495 10520 11509 11648 11738 11740 11757 11758 11769 11782 11783 11785 11789 11795 11799 11800 11817 11841 11859 11873 11876 11888 11892 11900 11927 11942 11975 12054 12303 12325 12353 12381 12384 12405 12439 12445 12470 12498 12735 12752 12803 13661 13730 14378 14382 14383 14384 14385 14386 14387 14388 14389 14390 14391 14392 14393 14394 14395 14396 14397 14398 14399 14400 14401 14402 14403 14404 14405 14406 14407 14408 14409 14410 14411 14412 14413 14414 14415 14416 14417 14418 14419 14420 14421 14422 14423 14424 14425 14426 14427 14428 14429 14430 14431 14432 14433 14504 14505 14506 14507 14508 14509 14510 14511 14512 14513 14514 14515 14516 14541 14542 14543 14544 14545 14546 14547 14548 14549 14550 14551 14552 14553 14554 14555 14556 14557 14558 14559 14560 14561 14562 14563 14564 14565 14566 14567 14568 14569 14570 14571 14572 14579 14580 14581 14582 14583 14584 14585 14586 14587 14588 14589 14590 14591 14592 14593 14594 14909 14910 14917 14918 14919 14920 14921 14922 14923 14924 14925 14926 14927 14928 14929 14930 14931 14932 14933 14934 14935 14936 14937 14938 14939 14940 14941 14942 14943 14944 14945 14946 14947 14948 14949 14950 14951 14952 14953 14954 14955 14956 14957 15019 15020 15021 15022 15023 15024 15025 15026 15027 15028 15029 15030 15031 15032 15033 15034 15035 15036 15037 15038 15039 15040 15041 15042 15043 15044 15045 15046 15047 15048 15049 15050 15051 15052 15053 15054 15055 15056 15057 15058 15059 15060 15061 15062 15063 15064 15065 15066 15067 15068 15069 15070 15071 15072 15073 15074 15075 15076 15077 15078 15079 15080 15081 15082 15083 15084 15085 15086 15087 15088 15089 15090 15091 15092 15093 15094 15095 15096 15097 15098 15099 15100 15101 15102 15103 15104 15105 15106 15107 15108 15109 15110 15111 15112 15113 15114 15115 15116 15117 15118 15119 15120 15121 15122 15123 15124 15125 15126 15127 15128 15129 15130 15131 15132 15133 15134 15135 15136 15137 15138 15139 15140 15141 15142 15143 15144 15145 15146 15147 15148 15149 15150 15151 15152 15153 15154 15155 15156 15157 15158 15159 15160
	}
	weather={
		period={
			between={ 0.0 30.0 }
			temperature={ -2.0 8.0 }
			
			no_phenomenon=0.600
			rain_light=0.200
			rain_heavy=0.100
			snow=0.100
			blizzard=0.000
			arctic_water=0.000
			mud=1.000
			sandstorm=0.000
			min_snow_level=0.000
		}
		period={
			between={ 0.1 27.1 }
			temperature={ 0.0 11.0 }
			
			no_phenomenon=0.600
			rain_light=0.200
			rain_heavy=0.100
			snow=0.100
			blizzard=0.000
			arctic_water=0.000
			mud=1.000
			sandstorm=0.000
			min_snow_level=0.000
		}
		period={
			between={ 0.2 30.2 }
			temperature={ 4.0 15.0 }
			
			no_phenomenon=0.600
			rain_light=0.200
			rain_heavy=0.100
			snow=0.100
			blizzard=0.000
			arctic_water=0.000
			mud=1.000
			sandstorm=0.000
			min_snow_level=0.000
		}
		period={
			between={ 0.3 29.3 }
			temperature={ 9.0 20.0 }
			
			no_phenomenon=0.600
			rain_light=0.300
			rain_heavy=0.100
			snow=0.000
			blizzard=0.000
			arctic_water=0.000
			mud=1.000
			sandstorm=0.000
			min_snow_level=0.000
		}
		period={
			between={ 0.4 30.4 }
			temperature={ 14.0 25.0 }
			
			no_phenomenon=0.600
			rain_light=0.300
			rain_heavy=0.100
			snow=0.000
			blizzard=0.000
			arctic_water=0.000
			mud=1.000
			sandstorm=0.000
			min_snow_level=0.000
		}
		period={
			between={ 0.5 29.5 }
			temperature={ 24.0 28.0 }
			
			no_phenomenon=0.500
			rain_light=0.300
			rain_heavy=0.200
			snow=0.000
			blizzard=0.000
			arctic_water=0.000
			mud=1.000
			sandstorm=0.000
			min_snow_level=0.000
		}
		period={
			between={ 0.6 30.6 }
			temperature={ 23.0 26.0 }
			
			no_phenomenon=0.500
			rain_light=0.300
			rain_heavy=0.200
			snow=0.000
			blizzard=0.000
			arctic_water=0.000
			mud=1.000
			sandstorm=0.000
			min_snow_level=0.000
		}
		period={
			between={ 0.7 30.7 }
			temperature={ 18.0 24.0 }
			
			no_phenomenon=0.500
			rain_light=0.300
			rain_heavy=0.200
			snow=0.000
			blizzard=0.000
			arctic_water=0.000
			mud=1.000
			sandstorm=0.000
			min_snow_level=0.000
		}
		period={
			between={ 0.8 29.8 }
			temperature={ 16.0 26.0 }
			
			no_phenomenon=0.600
			rain_light=0.300
			rain_heavy=0.100
			snow=0.000
			blizzard=0.000
			arctic_water=0.000
			mud=1.000
			sandstorm=0.000
			min_snow_level=0.000
		}
		period={
			between={ 0.9 30.9 }
			temperature={ 9.0 21.0 }
			
			no_phenomenon=0.600
			rain_light=0.300
			rain_heavy=0.100
			snow=0.000
			blizzard=0.000
			arctic_water=0.000
			mud=1.000
			sandstorm=0.000
			min_snow_level=0.000
		}
		period={
			between={ 0.10 29.10 }
			temperature={ 4.0 16.0 }
			
			no_phenomenon=0.600
			rain_light=0.300
			rain_heavy=0.100
			snow=0.000
			blizzard=0.000
			arctic_water=0.000
			mud=1.000
			sandstorm=0.000
			min_snow_level=0.000
		}
		period={
			between={ 0.11 30.11 }
			temperature={ 0.0 10.0 }
			
			no_phenomenon=0.600
			rain_light=0.200
			rain_heavy=0.100
			snow=0.100
			blizzard=0.000
			arctic_water=0.000
			mud=1.000
			sandstorm=0.000
			min_snow_level=0.000
		}
	}
}
