strategic_region={
	id=198
	name="STRATEGICREGION_198"
	provinces={
		659 689 691 695 703 709 720 751 827 831 870 882 913 926 954 971 1441 1445 1453 1503 1523 1527 1528 1534 1559 1560 1564 1582 1586 1595 1604 1615 1621 1643 1646 1655 1678 1719 1734 1758 1760 1770 1831 1849 1866 1867 1881 1987 3685 3699 3766 3829 3853 3872 4029 4166 4402 4437 4442 4444 4449 4452 4464 4507 4508 4510 4522 4527 4531 4535 4540 4565 4567 4569 4590 4597 4601 4625 4650 4664 4691 4738 4807 4834 4854 4988 5205 6696 6710 6713 6737 6752 6767 6769 6782 6827 6855 6874 6890 6974 7306 7420 7449 7458 7464 7485 7524 7528 7536 7539 7543 7547 7551 7552 7555 7586 7599 7607 7611 7615 7626 7668 7776 7791 7797 7829 7831 7896 8014 8083 8110 9450 9653 9654 9657 9678 9682 9684 9724 9727 9746 9747 9760 9775 9796 9808 9810 9825 9880 9892 9910 10233 10281 10303 10333 10339 10341 10355 10370 10391 10393 10410 10448 10449 10457 10461 10477 10478 10516 10526 10586 10599 10615 10618 10657 10666 10717 10719 10727 10753 10824 10909 11589 11621 11635 11637 11641 11656 11667 11669 11685 11714 11717 11731 11760 11776 11788 11791 11890 11971 12305 12312 12313 12328 12346 12357 12361 12365 12368 12398 12401 12418 12429 12437 12456 12458 12463 12489 12497 12501 12550 12568 12577 12588 12597 12637 12646 12670 12693 12697 12709 12778 13154 13155 13199 13200 13201 14297 14958 14959 14960 14961 14962 14963 14964 14965 14966 14967 14968 14969 14970 14971 14972 14973 14974 14975 14976 14977 14978 14979 14980 14981 14982 14983 14984 14985 14986 14987 14988 14989 14990 14991 14992 14993 14994 14995 14996 14997 14998 14999 15000 15001 15002 15003 15004 15005 15006 15007 15008 15009 15010 15011 15012 15013 15014 15015 15016 15017 15018 15161 15162 15163 15164 15165 15166 15167 15168 15169 15170 15171 15172 15173 15174 15175 15176 15177 15178 15179 15180 15181 15182 15183 15184 15185 15186 15187 15188 15189 15190 15191 15192 15193 15194 15195 15196 15197 15198 15199 15200 15201 15202 15203 15204 15205 15206 15207 15208 15209 15210 15211 15212 15213 15214 15215 15216 15217 15218 15219 15220 15221 15222 15223 15224 15225 15226 15227 15228 15229 15230 15231 15232 15233 15234 15235 15236 15237 15238 15242 15243 15244 15245 15246 15247 15248 15249 15250 15251 15252 15253 15254 15255 15256 15257 15258 15259 15260 15261 15262 15263 15264 15265 15266 15267 15268 15269 15270 15271 15272 15273 15274 15275 15276 15277 15278 15279 15280 15281 15282 15283 15284 15285 15286 15287 15288 15289 15290 15291 15292 15293 15294 15295 15296 15297 15298 15299 15300 15301 15302 15303 15304 15305 15306 15307 15308 15309 15310 15311 15312 15313 15314 15315 15316 15317 15318 15319 15320 15321 15322 15323 15324 15325 15326 15327 15328 15329 15330 15331 15332 15333 15334 15335 15336 15337 15338 15339 15340 15341 15342 15343 15344 15345 15346 15347 15348 15349 15350 15351 15352 15353 15354 15355 15356 15357 15358 15359 15360 15361 15362 15363 15364 15365 15366 15367 15368 15369 15370 15371 15372 15373 15374 15375 15376 15377 15378 15379 15380 15381 15382 15383 15384 15385 15386 15387 15388 15389 15390 15391 15392 15393 15394 15395 15396 15397 15398 15399 15400
	}
	weather={
		period={
			between={ 0.0 30.0 }
			temperature={ -3.0 8.0 }
			temperature_day_night={ 10.0 -10.0 }
			no_phenomenon=0.700
			rain_light=0.200
			rain_heavy=0.000
			snow=0.100
			blizzard=0.000
			arctic_water=0.000
			mud=1.000
			sandstorm=0.000
			min_snow_level=0.000
		}
		period={
			between={ 0.1 27.1 }
			temperature={ 0.0 12.0 }
			temperature_day_night={ 10.0 -10.0 }
			no_phenomenon=0.700
			rain_light=0.200
			rain_heavy=0.000
			snow=0.100
			blizzard=0.000
			arctic_water=0.000
			mud=1.000
			sandstorm=0.000
			min_snow_level=0.000
		}
		period={
			between={ 0.2 30.2 }
			temperature={ 5.0 17.0 }
			temperature_day_night={ 10.0 -10.0 }
			no_phenomenon=0.700
			rain_light=0.100
			rain_heavy=0.100
			snow=0.100
			blizzard=0.000
			arctic_water=0.000
			mud=1.000
			sandstorm=0.000
			min_snow_level=0.000
		}
		period={
			between={ 0.3 29.3 }
			temperature={ 10.0 22.0 }
			temperature_day_night={ 10.0 -10.0 }
			no_phenomenon=0.600
			rain_light=0.200
			rain_heavy=0.200
			snow=0.000
			blizzard=0.000
			arctic_water=0.000
			mud=1.000
			sandstorm=0.000
			min_snow_level=0.000
		}
		period={
			between={ 0.4 30.4 }
			temperature={ 16.0 27.0 }
			temperature_day_night={ 10.0 -10.0 }
			no_phenomenon=0.600
			rain_light=0.200
			rain_heavy=0.200
			snow=0.000
			blizzard=0.000
			arctic_water=0.000
			mud=1.000
			sandstorm=0.000
			min_snow_level=0.000
		}
		period={
			between={ 0.5 29.5 }
			temperature={ 20.0 30.0 }
			temperature_day_night={ 10.0 -10.0 }
			no_phenomenon=0.600
			rain_light=0.150
			rain_heavy=0.250
			snow=0.000
			blizzard=0.000
			arctic_water=0.000
			mud=1.000
			sandstorm=0.000
			min_snow_level=0.000
		}
		period={
			between={ 0.6 30.6 }
			temperature={ 22.0 34.0 }
			temperature_day_night={ 10.0 -10.0 }
			no_phenomenon=0.600
			rain_light=0.200
			rain_heavy=0.200
			snow=0.000
			blizzard=0.000
			arctic_water=0.000
			mud=1.000
			sandstorm=0.000
			min_snow_level=0.000
		}
		period={
			between={ 0.7 30.7 }
			temperature={ 22.0 34.0 }
			temperature_day_night={ 10.0 -10.0 }
			no_phenomenon=0.700
			rain_light=0.200
			rain_heavy=0.100
			snow=0.000
			blizzard=0.000
			arctic_water=0.000
			mud=1.000
			sandstorm=0.000
			min_snow_level=0.000
		}
		period={
			between={ 0.8 29.8 }
			temperature={ 17.0 27.0 }
			temperature_day_night={ 10.0 -10.0 }
			no_phenomenon=0.700
			rain_light=0.200
			rain_heavy=0.100
			snow=0.000
			blizzard=0.000
			arctic_water=0.000
			mud=1.000
			sandstorm=0.000
			min_snow_level=0.000
		}
		period={
			between={ 0.9 30.9 }
			temperature={ 10.0 22.0 }
			temperature_day_night={ 10.0 -10.0 }
			no_phenomenon=0.700
			rain_light=0.250
			rain_heavy=0.100
			snow=0.050
			blizzard=0.000
			arctic_water=0.000
			mud=1.000
			sandstorm=0.000
			min_snow_level=0.000
		}
		period={
			between={ 0.10 29.10 }
			temperature={ 5.0 15.0 }
			temperature_day_night={ 10.0 -10.0 }
			no_phenomenon=0.700
			rain_light=0.100
			rain_heavy=0.100
			snow=0.100
			blizzard=0.000
			arctic_water=0.000
			mud=1.000
			sandstorm=0.000
			min_snow_level=0.000
		}
		period={
			between={ 0.11 30.11 }
			temperature={ -1.0 9.0 }
			temperature_day_night={ 10.0 -10.0 }
			no_phenomenon=0.700
			rain_light=0.200
			rain_heavy=0.000
			snow=0.100
			blizzard=0.000
			arctic_water=0.000
			mud=1.000
			sandstorm=0.000
			min_snow_level=0.000
		}
	}
}
